A01	19.08	10.08	0.99
A02	18.85	24.65	4.63
A03	21.63	35.83	11.16
A04	22.32	37.29	12.34
A05	40.24	13.59	4.52
A06	40.26	29.13	8.87
A07	40.17	41.99	12.65
A08	38.18	58.07	16.75
A09	69.48	5.84	1.89
A10	69.03	12.48	3.4
A11	69.25	19.14	6.04
A12	67.88	26.4	8.41
A13	90.51	-2.21	-1.74
A14	88.98	3.75	-3.01
A15	90.73	-0.58	4.79
A16	91.47	-0.39	1.07
A17	88.59	2.33	3.39
A18	89.91	-2.21	3.28
A19	88.32	0.78	-4.1
A20	48.51	-32.53	-25.6
A21	35.27	63	-35.4
A22	63.51	6.19	72.35
B01	18.72	7.49	5.28
B02	18.72	13.15	12.16
B03	18.48	20.12	20.56
B04	18.9	26.84	23.71
B05	40.08	14.4	13.5
B06	40.05	27.62	24.9
B07	39.75	40.44	35.39
B08	37.63	55.36	50.27
B09	69	5.57	5.12
B10	69.02	11.35	10.71
B11	69.24	16.87	15.57
B12	68.21	23.74	21.67
B13	88.03	-7.28	-4.28
B14	84.49	10.44	-6.98
B15	88.97	-0.49	12.62
B16	84.12	-0.5	0.42
B17	82.73	8.81	6.53
B18	85.56	-6.62	7.72
B19	81.48	3.9	-11.21
B20	40.64	-26.74	-20.49
B21	30.52	53.59	-28.54
B22	53.62	5.53	61.82
C01	23.68	2.21	7.89
C02	23.56	4.86	14.8
C03	23.56	9.24	25.07
C04	23.72	11.86	30.05
C05	54.51	8.48	21.25
C06	54.8	16.77	41.9
C07	54.62	24.84	61.75
C08	54.55	27.8	67.84
C09	73.5	3.66	8.46
C10	73.58	7.74	18.03
C11	73.96	11.98	27.44
C12	73.03	16.07	39.73
C13	85.44	-11.51	-6.57
C14	79.55	17.41	-11.46
C15	87.26	-0.12	20.18
C16	75.32	0.1	0.36
C17	77.49	13.69	9.97
C18	80.3	-9.41	11.71
C19	74.7	6.09	-17.67
C20	32.17	-22.03	-17.02
C21	25.11	43.27	-23.36
C22	43.24	4.09	50.4
D01	23.39	-3.15	7.61
D02	23.5	-2.56	14.83
D03	23.57	-2.52	24.07
D04	23.98	-1.7	29.04
D05	58.95	0.49	20.06
D06	59.33	-0.26	40.79
D07	59.95	-1.92	60.72
D08	60.21	-1.67	71.35
D09	78.65	-0.47	10.27
D10	78.63	-0.34	21.26
D11	79	-0.79	30.63
D12	80.09	-3.79	55.44
D13	82.47	-15.08	-9.57
D14	75.36	22.96	-14.72
D15	85.9	-0.06	27.01
D16	67.45	0.71	-0.41
D17	72.83	18.44	14.73
D18	75.74	-11.02	15.47
D19	68.68	8.42	-22.68
D20	23.57	-19.44	-13.2
D21	19.28	32.63	-18.16
D22	33.28	2.67	38
E01	23.55	-7.66	6.95
E02	23.38	-11.96	13.94
E03	23.35	-14.96	23.8
E04	23.9	-18.86	28.15
E05	44.15	-8.76	14.03
E06	44.28	-17.01	27.99
E07	44.26	-25.23	40.85
E08	44.15	-30.39	53.58
E09	69.25	-3.44	8.19
E10	69.37	-7.83	15.94
E11	69.8	-12.68	23.98
E12	71.09	-21.42	38.83
E13	79.69	-17.41	-12.14
E14	71.12	28.86	-18.42
E15	84.2	0.79	34.79
E16	59.47	0.73	-0.29
E17	68.09	23.91	18.35
E18	71.15	-13.1	19.41
E19	62.39	10.93	-27.81
E20	17.11	-13.55	-10.62
E21	13.68	21.38	-13.52
E22	22.68	0.89	25.74
F01	23.58	-10.86	0.35
F02	23.19	-15.72	1.75
F03	23.38	-21.52	3.76
F04	22.87	-26.41	5.7
F05	44.25	-14.59	3.84
F06	44.28	-28.37	7.64
F07	43.48	-41.03	11.98
F08	44.72	-45.46	14.81
F09	69.58	-4.82	2.14
F10	69.66	-9.91	4.08
F11	70.02	-15.61	6.13
F12	71.45	-27.16	11.09
F13	76.73	-20.29	-14.22
F14	67.01	34.98	-21.49
F15	83.16	1.29	41.83
F16	51.79	0.56	-0.47
F17	63.24	29.54	21.45
F18	67.49	-16.65	23.42
F19	56.2	13.31	-34.24
F20	9.67	-8.76	-8.44
F21	8.8	10.07	-8.08
F22	13.56	0.05	13.4
G01	23.54	-11.96	-3.98
G02	22.9	-16.32	-5.54
G03	22.39	-20.5	-5.91
G04	22.64	-22.83	-6.24
G05	44.18	-14.07	-3.89
G06	44.6	-22.38	-5.31
G07	43.69	-30.07	-7.94
G08	43.62	-35.66	-9.15
G09	69.55	-4.56	-1.31
G10	69.8	-11.37	-2.05
G11	70.14	-17.45	-3.55
G12	71.33	-30.78	-5.51
G13	73.26	-24.05	-17.42
G14	61.93	41.26	-24.32
G15	81.5	2.75	49.13
G16	43.87	0.39	-0.52
G17	58.38	34.84	25.95
G18	62.67	-19.55	27.17
G19	50.02	15.04	-38.91
G20	30.23	52.16	40.72
G21	34.3	-31.33	41.43
G22	13.82	26.73	-58.91
H01	23.39	-7.83	-9.16
H02	22.95	-10.24	-13.37
H03	22.97	-12.69	-16.72
H04	23.04	-14.46	-19.85
H05	44.08	-8.1	-10.57
H06	44.06	-16.65	-20.96
H07	43.28	-21.44	-32.07
H08	43.94	-22.32	-34.1
H09	69.46	-3.26	-4.95
H10	70.05	-6.96	-9.7
H11	70.65	-12.12	-15.19
H12	70.36	-19.86	-26.82
H13	69.65	-27.42	-20.05
H14	57.42	48.1	-28.79
H15	80.17	3.44	56.71
H16	35.31	-1.09	-1.56
H17	53.6	40.11	29.81
H18	58.21	-22.73	31.34
H19	43.19	17.7	-45.4
H20	26.34	45.14	35.71
H21	28.76	-26.15	34.24
H22	11.43	21.75	-50.29
I01	23.34	-0.22	-15.47
I02	23.32	1.23	-27.2
I03	23.07	4.27	-39.41
I04	22.81	5.61	-43.08
I05	43.99	0.95	-10.03
I06	44.12	1.4	-20.13
I07	44.02	2.45	-30.41
I08	43.01	6.41	-52.86
I09	69.56	0.92	-4.57
I10	69.88	1.68	-9.26
I11	70.18	1.98	-14.15
I12	69.38	3.73	-25.94
I13	65.09	-31.55	-23.65
I14	52.74	54.3	-31.41
I15	78.51	4.93	64.46
I16	27.27	-1.13	-1.73
I17	48.36	45.61	34.09
I18	53.36	-26.43	35.01
I19	35.71	20.89	-51.65
I20	21.69	36.44	28.36
I21	23.3	-21.6	26.96
I22	9.82	16.66	-40.75
J01	13.29	6.76	-16.99
J02	13.33	14.62	-28.92
J03	13.66	23.14	-43
J04	14.83	37.22	-65.75
J05	39.04	5.13	-11.33
J06	39.32	10.79	-20.79
J07	39.24	17.23	-30.91
J08	39.17	30.43	-53.85
J09	69.63	3.2	-4.37
J10	69.78	5.52	-9.13
J11	69.88	8.67	-14.41
J12	69.36	13.21	-23.73
J13	61.05	-34.48	-26.61
J14	48.13	60.99	-36.16
J15	76.41	5.12	71.73
J16	19.4	-1.49	-2.98
J17	43.24	49.44	36.98
J18	48.3	-30.82	37.78
J19	29.22	24.34	-58.13
J20	16.81	27.48	20.29
J21	18.88	-17.66	20.86
J22	7.83	11.37	-31.1
K01	24.08	11.84	-10.66
K02	24.46	27.41	-20.41
K03	24.76	41.06	-29.4
K04	26.03	49.17	-36.35
K05	44.3	12.36	-8.68
K06	44.63	23.81	-15.87
K07	44.58	34.17	-23.55
K08	43.64	58.03	-43.05
K09	69.01	6.74	-3.95
K10	69.14	12.64	-9.02
K11	69.44	18.66	-13.14
K12	68.95	32.05	-22.36
K13	56.84	-37.72	-28.89
K14	43.18	66.87	-39.35
K15	76	5.8	79.28
K16	10.12	-1.25	-3.94
K17	38.17	55.36	41.03
K18	43.01	-34.39	41.71
K19	22.5	29.15	-64.32
K20	11.9	17.87	11.99
K21	13.71	-13.78	13.43
K22	6.17	4.73	-22.2
L01	18.75	11.79	-4.61
L02	18.9	26.42	-6.08
L03	21.42	36.37	-6.37
L04	22.03	37.64	-7.06
L05	38.96	16.25	-3.82
L06	39.64	32.64	-5.18
L07	39.41	47.31	-8.62
L08	37.96	63.27	-13.76
L09	68.67	8.08	-1.54
L10	68.81	13.99	-2.36
L11	68.66	20.95	-2.88
L12	67.3	30.39	-6.91
L13	54.7	-38.78	-29.54
L14	38.84	71.04	-41.03
L15	75.23	5.22	84.36
L16	3.94	-2.24	-0.79
L17	33.11	57.54	44.53
L18	39.3	-36.66	47.91
L19	16.27	33.87	-68.46
L20	7.72	8.32	5.29
L21	6.5	-5.87	2.96
L22	5.13	0.32	-12.31
Dmin	91.66	-0.22	-0.22
GS01	86.94	-0.34	1.03
GS02	82.67	-0.16	0.62
GS03	78.02	-0.01	0.07
GS04	73.82	0.5	0.66
GS05	70.23	0.71	0.73
GS06	66.3	1.28	0.74
GS07	61.97	1.11	0.5
GS08	58.12	1	-0.11
GS09	54.11	0.61	0.19
GS10	50.3	0.83	0.3
GS11	46.53	0.82	-0.04
GS12	42.3	0.41	-0.38
GS13	37.96	0.19	-0.72
GS14	33.89	-1.68	-0.3
GS15	29.2	-1.12	-1.33
GS16	25.33	-1.87	-0.98
GS17	21.43	-1.1	-2.17
GS18	17.66	-2.63	-2.26
GS19	13.33	-2.73	-3.11
GS20	9.56	-1.35	-3.8
GS21	7.49	-1.67	-2.39
GS22	5.11	-1.69	-0.91
Dmax	3.71	-2.41	-0.76
